image: lab_slam_jarvis.pgm
resolution: 0.010000
origin: [-14.600000, -13.830000, 0.000000]
negate: 0
occupied_thresh: 0.65
free_thresh: 0.196

