image: lab_slam_jarvis_stage.pgm
resolution: 0.050000
origin: [-29.775000, -36.650000, 0.000000]
negate: 0
occupied_thresh: 0.65
free_thresh: 0.196

