image: ground_truth.pgm
resolution: 0.025000
origin: [-12.275000, -15.200000, 0.0]
negate: 0
occupied_thresh: 0.65
free_thresh: 0.196

