image: gmapping_2cm.pgm
resolution: 0.020000
origin: [-25.880000, -25.240000, 0.000000]
negate: 0
occupied_thresh: 0.65
free_thresh: 0.196

