image: gmapping_2.5cm_1.0_bag_speed.pgm
resolution: 0.025000
origin: [-26.200000, -25.400000, 0.000000]
negate: 0
occupied_thresh: 0.65
free_thresh: 0.196

