image: ground_truth_2.5cm.pgm
resolution: 0.025000
origin: [-12.400000, -15.700000, 0.0]
negate: 0
occupied_thresh: 0.65
free_thresh: 0.196

