image: mostra_up_2015-03-11-17-56-55_drl.pgm
resolution: 0.025000
origin: [-5.350000, -5.050000, -nan]
negate: 0
occupied_thresh: 0.65
free_thresh: 0.196

