image: mostra_up_2015-03-11-17-09-26_gmapping_both_lasers.pgm
resolution: 0.025000
origin: [-15.000000, -15.000000, 0.000000]
negate: 0
occupied_thresh: 0.65
free_thresh: 0.196

