image: mostra_up_2015-03-11-17-09-26_hector_both_lasers.pgm
resolution: 0.020000
origin: [-10.250000, -10.250000, 0.000000]
negate: 0
occupied_thresh: 0.65
free_thresh: 0.196

